camera_matrix:
- [7034.3230579089995, 0.0, 320.78589501829197]
- [0.0, 3059.638079975347, 293.5581981170176]
- [0.0, 0.0, 1.0]
dist_coeff:
- [275.54904974814843, -24296.81133001165, 2.9407559119883286, -0.5958715451864146,
  -103.98264453734734]
rvecs:
- - [1.5503584156590868]
  - [-1.0866921925836297]
  - [-1.348682491886312]
- - [1.5755037941000034]
  - [-1.0528884245277685]
  - [-1.3316632247379157]
- - [1.5724312560657787]
  - [-1.0518717822189854]
  - [-1.327932275703035]
- - [-1.532818843410608]
  - [1.1027157580779972]
  - [-1.2071293538899324]
- - [-1.522930788465755]
  - [1.1159972720096356]
  - [-1.214001463324884]
- - [-1.5212415867959408]
  - [1.1198774405714058]
  - [-1.2166488425823878]
- - [-1.5126295304217763]
  - [1.1230894858297418]
  - [-1.216341651442019]
- - [-1.5214784473964045]
  - [1.1180961057749141]
  - [-1.2151653343832618]
- - [-1.532650191455059]
  - [1.1080799338644967]
  - [-1.208112984994339]
- - [2.0100839357698237]
  - [0.3598843371671761]
  - [0.011130487372332208]
- - [2.0150311990135354]
  - [0.3700009230654459]
  - [0.04360701257970207]
- - [1.5509339230397914]
  - [-1.0804059905123562]
  - [-1.336780039563976]
- - [1.998804936122329]
  - [0.3551181719446345]
  - [0.03085142846695891]
- - [1.9990931226865023]
  - [0.34260401969300025]
  - [0.018771598489812635]
- - [1.9985721691241272]
  - [0.35292979802071456]
  - [0.028113250727271586]
- - [2.008598369791202]
  - [0.3750725846489936]
  - [0.04755529867681432]
- - [2.5463706746162513]
  - [-0.4626434736939553]
  - [1.5056827788235418]
- - [-2.108733337693134]
  - [-0.1477040586103223]
  - [0.07661788522168206]
- - [-2.10233591355444]
  - [-0.15936426494388042]
  - [0.10785944258258273]
- - [-2.0873711410076443]
  - [-0.1536054310574318]
  - [0.10626798769724555]
- - [-2.090357801750727]
  - [-0.14892339924589382]
  - [0.09558059979834464]
- - [-2.0877592634305233]
  - [-0.1578818370566815]
  - [0.09944800362865243]
- - [1.5483208723363675]
  - [-1.0783874885349622]
  - [-1.3296068863328774]
- - [-2.0921668380688803]
  - [-0.15109984053237793]
  - [0.09296852990844642]
- - [-2.06974250080945]
  - [-0.1661395708951952]
  - [0.07633032019402575]
- - [-2.0938095139725417]
  - [-0.17897276960004027]
  - [0.0688101800305957]
- - [2.0500140061742473]
  - [0.17340906771267942]
  - [0.02135192904787968]
- - [2.0618455530227386]
  - [0.18122217136863172]
  - [0.015496991005094007]
- - [2.0740742665060687]
  - [0.1701822992620819]
  - [-0.02443718460480574]
- - [2.0833628730413563]
  - [0.16967128987657393]
  - [-0.051710792164990325]
- - [2.0731978708477707]
  - [0.1804203130214176]
  - [-0.052628154470795316]
- - [2.0832329483525185]
  - [0.24683170615429953]
  - [-0.006331306908925352]
- - [-1.8873154572169153]
  - [-0.5075500877453124]
  - [0.3553586140380499]
- - [1.5459634823600783]
  - [-1.075687657954004]
  - [-1.326810199791188]
- - [-1.8975070348620293]
  - [-0.502328556944215]
  - [0.3465045876798584]
- - [1.544016467948931]
  - [-1.0783583543805992]
  - [-1.3258317188241495]
- - [1.5437165703860487]
  - [-1.0791754540475447]
  - [-1.3256021931302517]
- - [1.5755139773615652]
  - [-1.0496663679906197]
  - [-1.332391183808509]
- - [1.5698200731665732]
  - [-1.0543043162771024]
  - [-1.3309769041228132]
- - [1.5761447005839055]
  - [-1.050612005477235]
  - [-1.3313279221483727]
tvecs:
- - [0.08289580544757731]
  - [0.05177113527496328]
  - [2.1151762025051783]
- - [0.0789798660334525]
  - [0.047045757017098594]
  - [2.029244009668642]
- - [0.07806866975570449]
  - [0.04623956067328312]
  - [2.0195943766348816]
- - [0.05483258061861832]
  - [-0.011274708276696918]
  - [3.2581283388566766]
- - [0.05685281957548484]
  - [-0.008843932948471467]
  - [3.184086303285148]
- - [0.05795084485271864]
  - [-0.007915455043295355]
  - [3.1705805018161586]
- - [0.05731252543036222]
  - [-0.007938689092870623]
  - [3.1398319048164143]
- - [0.057803224519999155]
  - [-0.00792993642363643]
  - [3.169590353957303]
- - [0.058053443662297685]
  - [-0.008731631882141124]
  - [3.215618741092935]
- - [-0.06786174171837465]
  - [0.170691060188822]
  - [4.1756931170193115]
- - [-0.06851996732442163]
  - [0.1819502422007925]
  - [4.263680768253626]
- - [0.07859150478381866]
  - [0.052941325062980424]
  - [1.9615151487191826]
- - [-0.06715953049603264]
  - [0.1800508277285082]
  - [4.2733738424065955]
- - [-0.06578254962908825]
  - [0.18163564003043434]
  - [4.275487925986689]
- - [-0.0670838840681297]
  - [0.1797984928878781]
  - [4.2760567459039756]
- - [-0.07104461577971265]
  - [0.17968756207927736]
  - [4.26655626132944]
- - [0.11416165728330861]
  - [0.3674542784952767]
  - [4.115291381819365]
- - [-0.06317873883053436]
  - [0.20371473413154229]
  - [5.585853644991784]
- - [-0.06347419420302824]
  - [0.20014595655253337]
  - [5.544204028084702]
- - [-0.06309108742124714]
  - [0.19564881124938124]
  - [5.529223861579308]
- - [-0.0638248046146588]
  - [0.19650015293456133]
  - [5.539450593997673]
- - [-0.06479940776798424]
  - [0.19443843958206597]
  - [5.5234583592450734]
- - [0.07642389023727236]
  - [0.05310051161636603]
  - [1.8971619872408778]
- - [-0.06446589494116646]
  - [0.19544117156189456]
  - [5.528173107578527]
- - [-0.07223408639243906]
  - [0.1898152176332543]
  - [5.428893542420455]
- - [-0.07558214736677552]
  - [0.19043992803950843]
  - [5.321884568204562]
- - [-0.08163184305928489]
  - [0.1737219185518746]
  - [4.653472560334763]
- - [-0.08334341858557773]
  - [0.17437438401978092]
  - [4.604074192677444]
- - [-0.08471565156168434]
  - [0.17709703863864215]
  - [4.5905877974783715]
- - [-0.08724296510374975]
  - [0.17882124445688996]
  - [4.57241377431534]
- - [-0.0901198241979381]
  - [0.17661919260001008]
  - [4.592483408677484]
- - [-0.10309173450604046]
  - [0.17027572483028908]
  - [4.544857193423633]
- - [-0.11469973351321801]
  - [0.2220108015065289]
  - [5.84779182455371]
- - [0.07436142662889189]
  - [0.05391046155016603]
  - [1.8557000930647094]
- - [-0.11538312948163695]
  - [0.226606935355938]
  - [5.830502960937992]
- - [0.07440941988179663]
  - [0.05324191071984761]
  - [1.8525094119178476]
- - [0.07455664284765542]
  - [0.05305323922459631]
  - [1.8514083226914644]
- - [0.07758244148513628]
  - [0.04868006715889453]
  - [1.9986580551272226]
- - [0.0778424531512304]
  - [0.046363310462276985]
  - [2.014628017003494]
- - [0.0784457720378698]
  - [0.047245566011657955]
  - [2.0257251875371085]
