camera_matrix:
- [948.6807700405185, 0.0, 355.08636971755686]
- [0.0, 942.6399264689346, 290.21767241792946]
- [0.0, 0.0, 1.0]
dist_coeff:
- [2.9921907762196596, -85.2581106064535, 0.30320879439124904, -0.023680421311076567,
  732.2639294930522]
rvecs:
- - [2.3470457587380578]
  - [-1.9381833207441634]
  - [-0.7895536524650304]
- - [2.06503714724216]
  - [-2.1251358379143572]
  - [-0.7055488113865673]
- - [2.065614152750564]
  - [-2.202458502285234]
  - [-0.6798285079378682]
- - [2.1170732640321424]
  - [-2.5097737413741887]
  - [1.0005355566083776]
- - [1.9255356248951854]
  - [-2.2646073442668992]
  - [-0.6523678695262027]
- - [1.8506651283867361]
  - [-2.3562981466291113]
  - [-0.6401046004024218]
- - [1.8405473088932998]
  - [-2.383188087095121]
  - [-0.5916619241370571]
- - [1.827732682529273]
  - [-2.339998448596807]
  - [-0.6672773218195168]
- - [1.7970837536679471]
  - [-2.43796012843291]
  - [-0.6582591003521243]
- - [1.7532314698523563]
  - [-2.4008157449055805]
  - [-0.6049841862317039]
- - [2.0092268656791386]
  - [-2.690275107099962]
  - [0.6437588572241464]
- - [2.4657482617846798]
  - [-2.0902496903836925]
  - [0.7732282967166791]
- - [2.650441128570903]
  - [-2.0586290586222384]
  - [0.9685465936451946]
- - [2.6780528696517805]
  - [-2.0662511605722287]
  - [0.9636100272610205]
- - [2.669014286366079]
  - [-2.063045671922178]
  - [0.973053223372517]
- - [2.6523281900128888]
  - [-2.073912480054322]
  - [0.9353274210643614]
- - [2.0650371472421614]
  - [-2.125135837914358]
  - [-0.7055488113865662]
tvecs:
- - [-0.007736979889967662]
  - [-0.05718467258445998]
  - [0.92346085034569]
- - [-0.028567924662499626]
  - [0.007906621826757713]
  - [0.9170688761146932]
- - [-0.0349742632381629]
  - [0.007373603091359923]
  - [0.9376960205212764]
- - [-0.05229592343379062]
  - [0.005003664449226834]
  - [1.0036140488334828]
- - [-0.043214250708664935]
  - [0.001086596875798512]
  - [0.9306194740352707]
- - [-0.0004137435637413256]
  - [-0.04643713665313086]
  - [0.9383892974442349]
- - [0.0007103364261530614]
  - [-0.048814840552619206]
  - [0.9377268071450027]
- - [0.002984011754516999]
  - [-0.050281539192945215]
  - [0.928327647989764]
- - [0.007478068453385429]
  - [-0.06383672661006176]
  - [0.9454284692547882]
- - [0.007602325407822603]
  - [-0.06401431385203186]
  - [0.9276295436597997]
- - [0.002046916142284207]
  - [-0.060185159760980926]
  - [1.0077180849502698]
- - [0.008046970350441631]
  - [-0.013829493427793625]
  - [0.9835390852490113]
- - [0.004089985151207658]
  - [-0.10845103546342702]
  - [0.912931976143745]
- - [0.003228824730015506]
  - [-0.10995813338894257]
  - [0.9152023217240604]
- - [0.004973598844318903]
  - [-0.11690123343986422]
  - [0.9213690280298441]
- - [0.007457184192189653]
  - [-0.12278625091587082]
  - [0.9240913693909768]
- - [-0.028567924662499574]
  - [0.007906621826757736]
  - [0.9170688761146931]
