camera_matrix:
- [74.24176788330078, 0.0, 582.1068033222182]
- [0.0, 73.68960571289062, 472.42253470871947]
- [0.0, 0.0, 1.0]
dist_coeff:
- [-0.5041985688626182, 1.3788516944191243, -0.0020309202173745475, 0.007844848912326492,
  -3.2155190993437444]
rms: 0.6854078975607404
rvecs:
- - [-0.17425779911496794]
  - [0.039383083140422416]
  - [1.6133440489315378]
- - [-0.2922535282448862]
  - [0.08449022719144772]
  - [1.5712757321871322]
- - [-0.29746985866846304]
  - [0.07377059515204354]
  - [1.5713656801173892]
- - [-0.30159372286138797]
  - [0.06891142358491827]
  - [1.5739799493240554]
- - [-0.30238887607829185]
  - [0.06609811381283609]
  - [1.5685715016529722]
- - [-0.30208794718129905]
  - [0.06552985911171333]
  - [1.5649274858921558]
- - [-0.288419975236667]
  - [0.06694344802779954]
  - [1.6119968311931077]
- - [-0.2835753477026749]
  - [0.06712617385028259]
  - [1.6137915707730761]
- - [-0.28467480706746356]
  - [0.06321911010303387]
  - [1.612506874985077]
- - [-0.2847195911122999]
  - [0.06375059761404706]
  - [1.611891160461618]
- - [-0.2830404974874653]
  - [0.0671100418233294]
  - [1.6191873830071504]
- - [-0.1742810311113618]
  - [0.05008981679194709]
  - [1.604495969281394]
- - [-0.31244224800743553]
  - [0.07352990256341989]
  - [1.652095660144037]
- - [-0.18006573388367036]
  - [0.044315177914293284]
  - [1.597791468782995]
- - [-0.18734583531033128]
  - [0.038778891431042205]
  - [1.5888224029143092]
- - [-0.19005845413341463]
  - [0.04154910442514668]
  - [1.5895823375730784]
- - [-0.19000785096438047]
  - [0.042850169181716496]
  - [1.589041847064055]
- - [-0.18031806390894634]
  - [0.03580248723998607]
  - [1.6108338649887621]
- - [-0.19812937381783818]
  - [0.035298407553362394]
  - [1.705933092651379]
- - [-0.20637950308665112]
  - [0.03752045063637718]
  - [1.699691298008373]
tvecs:
- - [0.010956759239266799]
  - [-0.03138810341003548]
  - [0.09517301982720111]
- - [0.015694176492750015]
  - [-0.02950446182358083]
  - [0.09893278410865923]
- - [0.015446275265982913]
  - [-0.029614693761822075]
  - [0.099133055594747]
- - [0.015160210974118179]
  - [-0.029594693516380912]
  - [0.09929674061781858]
- - [0.014876822123722728]
  - [-0.029713891920548754]
  - [0.09932066946362149]
- - [0.014705391283949647]
  - [-0.02959189661197067]
  - [0.09940662584751579]
- - [0.015699355897286354]
  - [-0.02877296039997623]
  - [0.09634983085593071]
- - [0.016163131149615415]
  - [-0.027847181150569784]
  - [0.09611692900672789]
- - [0.016067667564236266]
  - [-0.027847076268157973]
  - [0.09611406895411875]
- - [0.015962201183918213]
  - [-0.02811552008394111]
  - [0.09609715278969419]
- - [0.016727787137650753]
  - [-0.027790252456170266]
  - [0.0961558085680302]
- - [0.010872750869592404]
  - [-0.03154143811308168]
  - [0.09549909382605025]
- - [0.018585535892992243]
  - [-0.02441781914653962]
  - [0.09711423919975609]
- - [0.01069624692687306]
  - [-0.03167242112499212]
  - [0.09554676276474935]
- - [0.010343012887846878]
  - [-0.03179635395200158]
  - [0.09575531926943034]
- - [0.010314519483204632]
  - [-0.03115125808590421]
  - [0.09628180740853556]
- - [0.010273983676387476]
  - [-0.030431290794634504]
  - [0.09655497007566144]
- - [0.011348281892382892]
  - [-0.029841884210306112]
  - [0.09583347025243509]
- - [0.02599291383542461]
  - [-0.02855620539177619]
  - [0.09448868717463073]
- - [0.02593375889403957]
  - [-0.027656939370141964]
  - [0.09528563790572427]
